target: ..\test\view\202.png
BEV:
  mapping:
    height: 270
    width: 120
    biasX: 237
    biasY: 1461
    viewW: 678
    viewH: 2093
  view:
  - x: 22.642857142857167
    y: 243.55194805194833
  - x: 6.863636363636374
    y: 1931.9285714285716
  - x: 3025.954545454546
    y: 1932.9805194805194
  - x: 774.7857142857147
    y: 165.7077922077924
  position:
  - x: 400.0486533171262
    y: 773.9876847290642
  - x: 451.03963278101196
    y: 1149.5797773654917
  - x: 867.673245473738
    y: 1102.3198451794512
  - x: 708.4818949523383
    y: 750.357718636044
trigger_description:
  threshold:
    target: 2.0
    nonTarget: 7.0
    waiting: 2.0
  collector:
  - name: man
    triggers:
    - type: Fence
      parameter:
        vertex_type:
          x: 1.0
          y: 1.0
        position:
        - x: 1233.3158787025782
          y: 793.4668607254816
        - x: 1663.629998080737
          y: 1273.5282771415777
        - x: 1944.7022263450835
          y: 221.37294478920126
        - x: 1330.323107926556
          y: 44.77004030452372
        relay_ext: 50
    - type: Edge
  base:
  - name: sink
    triggers:
    - type: Fence
      parameter:
        vertex_type:
          x: 0.0
          y: 1.0
        position:
        - x: 178.67318149830453
          y: 1236.7463693941527
        - x: 228.42047853624172
          y: 2423.3748640522044
        - x: -592.4099225897257
          y: 2363.678107606679
        - x: -594.8972874416227
          y: 1236.9018296973966
        relay_ext: 70
