target: ..\test\view\209.png
BEV:
  mapping:
    height: 120
    width: 240
    biasX: 140
    biasY: 408
    viewW: 596
    viewH: 635
  view:
  - x: 694.8013882669061
    y: 591.7726632972947
  - x: -1056.3034674684914
    y: 1922.1397543343364
  - x: 2585.1986757085288
    y: 1917.1650246305426
  - x: 2595.1481351161156
    y: 658.5584095707259
  position:
  - x: 485.86274070756826
    y: 1199.4358966157001
  - x: 203.54683001727335
    y: 1610.90822724074
  - x: 1720.839389674365
    y: 1935.4782483526337
  - x: 1746.9567206192824
    y: 1426.003742562857
trigger_description:
  threshold:
    target: 99999
    nonTarget: 1
    waiting: 0.5
  collector:
  - name: man
    triggers:
    - type: Fence
      parameter:
        vertex_type:
          x: 0.5
          y: 1.0
        position:
        - x: 176.18581664640783
          y: 4.972202674173786
        - x: 258.2688567590044
          y: 1104.3874672125905
        - x: 1561.6480391529653
          y: 1348.149222698484
        - x: 2066.5831040880303
          y: 4.972202674173786
        relay_ext: 50.0
    - type: Edge
  base: []
