target: ..\test\view\211.png
BEV:
  mapping:
    height: 120
    width: 390
    biasX: 100
    biasY: 542
    viewW: 786
    viewH: 720
  view:
  - x: 735.842908323204
    y: 534.4078114004228
  - x: -781.4496513338877
    y: 2161.1444245409766
  - x: 2581.4676284306834
    y: 1907.4332096474957
  - x: 2581.4676284306834
    y: 225.97456976521062
  position:
  - x: 245.8320324995202
    y: 1283.4777365491655
  - x: 109.02696564519215
    y: 1780.9507069285396
  - x: 2518.661665920285
    y: 1642.342300556586
  - x: 2285.9375919646836
    y: 1210.6484709871415
trigger_description:
  threshold:
    target: 99999
    nonTarget: 1
    waiting: 0.5
  collector:
  - name: lady
    triggers:
    - type: Fence
      parameter:
        vertex_type:
          x: 0.5
          y: 1.0
        position:
        - x: 443.5775382253214
          y: 1.5831680634644272
        - x: 465.96382189239284
          y: 1255.8990787537596
        - x: 1959.6264154564644
          y: 1180.5630158019335
        - x: 2194.6823939607193
          y: 3.4797837630362665
        relay_ext: 50.0
    - type: Edge
  base: []
